미스터켄터키
1
2
2
18
3
2
참돈
1
2
3
17
2
2
갈무리
1
2
3
17
2
2
서래
1
2
3
18
3
2
외삼춘네
1
2
3
19
4
2
파파존스
2
1
2
4
4
2
버거킹
3
1
1
6
2
1
군계일닭
1
2
2
28
4
2
마이마이치킨
1
2
2
9
4
2
지코바
1
2
2
2
4
2
치킨마루
1
2
2
7
4
2
네네치킨
1
2
2
8
4
2
다다치킨
1
2
2
9
3
2
엉터리생고기
1
1
3
27
2
2
어머나생고기
1
2
3
2
3
2
고추맴맴
1
2
3
10
2
2
밀플랜비
3
1
1
26
1
1
지지고
3
1
1
28
1
1
맘스터치
3
1
1
34
2
1
한솥
3
1
1
9
1
1
토마토
3
1
1
7
1
1
김밥천국
3
1
1
10
1
1
봉구스밥버거
3
1
1
10
1
1
새마을식당
1
2
3
15
2
2
청양농장
1
2
3
14
3
2
도톰
1
2
3
15
3
2
마포갈매기
1
2
3
14
2
2
교촌치킨
1
2
2
12
4
2
미쳐버린파닭
1
2
2
24
4
2
충만치킨
1
2
2
16
4
2
치킨프렌즈
1
2
2
13
3
2
귀신반점
5
1
2
28
2
1
베트남쌀국수
5
1
2
9
1
1
홍콩반점
5
1
2
12
1
1
김피라
4
1
2
4
2
1
에너지스테이션
2
1
2
17
2
1
캘리포니아스푼
2
1
2
17
2
1
더담다
7
1
2
2
2
1
서가앤쿡
2
1
2
2
3
1
하나테이블
2
1
2
2
2
1
카레팩토리
7
1
2
10
2
1
쿠이스키
7
1
2
15
2
1
마루
7
1
2
10
2
1
멘무샤
7
1
2
2
2
1
치쿠린
7
1
2
27
2
1
홍대돈가스
7
1
2
21
2
1
산쪼메
7
1
2
19
2
1
카츠젠
7
1
2
5
2
1
겐지돈
7
2
2
4
3
1
상추튀김
4
1
1
4
1
1
경아분식
4
1
1
5
1
1
두끼
4
2
3
16
2
1
에바다떡볶이
4
1
1
26
1
1
신전떡볶이
4
1
2
27
2
2
부대통령
6
1
2
12
1
1
죠스찜닭
1
2
2
16
4
2
테트리스찜닭
1
2
2
4
4
2
초이소반
6
1
2
17
2
1
건지면
5
1
2
17
1
1
고수닭갈비
1
2
2
18
2
1
송가네닭갈비
1
2
2
20
2
2
황제보쌈
1
1
2
19
2
1
수니네
6
2
2
18
2
2
낙곱새
1
2
2
11
2
2
춘천닭갈비닭터
1
2
2
18
2
2
알쌈
1
1
2
25
2
2
밥스토랑
6
1
2
14
2
1
금계찜닭
1
2
2
28
2
2
연다라
6
1
2
30
1
1
용집국밥
6
1
2
30
2
1
엄마밥줘
6
1
2
29
1
1
길손네(밥)
6
1
2
3
2
1
국민수육국밥
6
1
2
2
2
2
알촌
6
1
2
3
1
1
본죽
6
1
2
3
2
1
불난쭈꾸미닭
1
2
2
8
2
2
엄마손김치찌개
6
1
2
8
1
1
육쌈냉면
5
1
2
11
2
1
얼큰이북대뼈다귀탕
6
1
2
11
2
1
신포우리만두
4
1
1
9
2
1
모두랑
4
1
1
10
1
2
참맛분식
4
1
1
10
1
1
한뚝배기
6
2
2
10
2
2
더도리칼국수
5
1
1
10
1
2
족떡이네
1
2
2
16
4
2
얌샘
4
1
1
16
1
1
스페쏘
1
2
2
15
4
2
독도감자탕
6
1
2
13
4
2
광장콩나물국밥
6
2
2
21
2
1
현대옥
6
2
2
21
2
1
복돼지감자탕
6
2
2
21
4
2
찌개랑백반
6
1
2
24
2
1
해이루
6
1
2
23
2
1
수라청
6
1
2
4
2
1
노랑통닭
1
2
3
18
4
2
맛닭꼬
1
2
3
28
2
2
꼬꼬아찌
1
2
3
28
4
2
치킨클럽
1
2
2
17
3
1
다사랑
1
2
3
17
4
2
덕일관
5
1
2
3
1
1
엽기떡볶이
4
1
2
10
4
2
신떡
4
1
1
35
1
1